43.8515 39.4162 38.7357 38.872
42.6182 37.4365 37.162 37.9161
40.6355 36.7495 37.0933 38.258
41.6461 38.7698 39.5521 40.8381
41.2425 37.8134 38.258 39.3143
41.6461 37.9845 37.9161 38.9742
41.814 38.7016 38.8039 39.3143
43.4524 40.2299 40.2638 41.3098
44.6475 38.0529 40.1961 41.6797
42.685 34.3969 33.3857 33.6302
34.9528 30.8901 31.5959 31.772
34.3969 30.3238 30.9608 31.2786
35.0915 30.6425 31.1021 31.8776
33.7 31.0314 31.3844 32.0887
33.4206 30.5363 31.6312 32.6505
36.8183 30.7486 31.5254 32.5102
46.9178 40.2976 35.2995 35.1609
53.7266 42.4174 35.9912 34.675
65.1835 36.1638 34.0836 35.0222
58.3 34.4664 33.5604 34.536
46.0655 32.9659 33.2458 34.3273
41.8812 36.4741 36.9559 38.5311
45.0112 39.9929 40.0945 40.7706
42.685 35.3687 35.853 36.4741
47.0159 43.0858 42.7519 43.0524
51.3147 44.4157 44.2168 45.4732
52.9368 47.8641 45.2093 44.7798
57.3147 46.2297 43.9844 42.7185
55.6703 39.3483 37.2993 37.9161
47.9292 35.3341 34.8834 35.9567
53.095 42.8855 40.2299 41.3435
56.1995 43.4524 40.2976 40.0945
53.5374 36.8871 36.0603 36.8871
42.183 34.6055 34.1532 34.3273
39.62 32.0887 31.4549 31.7368
37.0246 31.948 31.948 32.159
57.1294 32.8608 32.44 33.1409
63.7353 34.536 34.0836 34.536
57.2839 33.4905 33.2108 34.536
60.4353 36.7151 35.438 36.6807
58.4534 37.8819 34.536 35.611
59.8584 35.2302 35.3687 35.9567
61.5227 42.7185 42.183 42.25
60.7078 46.2953 44.9782 44.1836
62.0637 48.449 46.0655 46.6887
62.9316 52.715 51.6658 53.0317
67.0838 62.7524 62.1837 62.9912
72.5589 68.3279 68.4719 68.9317
76.9908 72.5868 71.7451 71.8014
77.9082 73.729 72.8104 73.7567
77.2613 71.4352 70.9267 72.1105
77.2883 74.6966 73.6458 74.5312
77.4773 74.0338 72.8104 73.8399
77.8813 74.5588 74.2551 74.9168
77.666 74.1722 73.4513 74.476
79.697 75.5205 75.1915 76.9908
80.1997 76.9908 77.1802 77.3693
79.1656 76.9908 75.712 76.6112
77.3963 73.2009 63.1403 62.842
78.5251 74.1998 71.0964 74.0338
81.199 79.0325 77.9619 78.7122
79.5113 77.5042 75.7667 75.794
79.5909 76.176 73.8122 73.8954
77.8006 73.6735 73.618 73.3957
82.0343 77.2072 74.0892 72.4189
81.3822 77.4233 76.0124 76.8553
81.0942 78.418 77.072 77.5582
79.6174 72.1947 69.247 68.702
79.4316 70.2174 67.2 69.5331
73.2844 65.3893 64.6235 64.4167
75.7393 68.3855 65.7121 67.0547
77.8006 75.6847 74.476 75.9851
77.1802 75.2464 73.7845 74.6966
74.5312 69.8471 67.9529 69.0465
68.7595 64.5645 64.5054 65.1835
73.34 70.1605 70.1889 71.2094
77.4233 73.2009 73.9231 74.7792
69.5331 64.594 65.7121 67.2
73.2287 69.5617 69.3329 70.5583
67.6058 66.7056 65.3011 67.49
74.4208 71.9982 70.7001 71.8576
75.1366 75.2738 74.1445 75.0817
76.6655 77.2343 75.7667 76.6112
76.0124 75.8486 75.1366 76.2304
79.5909 79.0857 77.7737 78.8191
75.63 75.5479 75.4931 76.4481
75.5752 75.4109 74.8618 75.6847
76.1215 76.8824 76.0397 76.8553
74.9718 76.0397 75.712 76.6926
69.1898 70.0751 68.702 68.8169
70.7568 71.2942 70.7851 72.1105
64.18 64.653 64.0023 65.5654
60.3747 59.3406 59.828 61.3119
50.45 46.3609 48.3192 49.1292
52.3342 50.8348 52.2388 53.5374
51.0909 47.1467 47.1467 48.9998
52.9368 46.8197 46.5905 46.4265
45.4072 43.019 44.0508 44.846
57.0675 47.7013 48.6112 50.7707
50.5142 44.9121 45.1103 45.572
47.7338 46.9178 47.9942 48.0267
49.2262 47.5383 48.1893 48.0593
47.0159 45.9011 46.0655 46.3609
46.8851 46.0655 46.3937 46.7542
49.4522 46.8851 47.1467 46.0983
56.758 52.2388 51.8888 51.0269
57.253 53.9156 53.3479 53.2215
58.9435 56.696 55.2645 55.8572
59.249 57.4999 55.0456 54.7011
60.5262 57.1603 56.51 56.665
62.8719 60.6776 59.5845 59.6454
63.2297 60.4656 58.4534 59.1269
67.2 63.943 60.9799 62.842
67.345 64.7121 61.4324 64.0319
66.9094 64.0912 61.2817 64.18
64.6235 61.8235 59.0963 61.7033
62.2437 59.7976 58.3307 59.8888
61.0705 59.5235 58.085 59.4016
60.0712 56.3237 55.7014 57.0057
59.3406 55.1395 53.7581 55.0769
59.3711 55.9195 55.0143 54.1045
62.4833 57.4382 56.3237 57.5616
62.2137 60.3747 57.4691 58.6067
64.3576 63.7353 60.0408 61.2214
66.5016 65.6828 62.1237 62.9912
68.9604 68.2991 66.3557 67.374
72.1385 71.1529 69.4187 69.8471
73.8954 72.2227 71.2942 72.8942
75.2464 72.7825 71.8576 73.2566
75.0542 73.9508 72.4469 73.8122
76.3121 72.6148 71.3788 72.6428
73.9508 66.0927 64.2984 65.8586
65.3599 60.7683 60.8893 61.7033
63.0211 59.0963 58.7905 60.1926
61.5829 58.1772 56.9747 58.668
61.7033 58.2693 57.5924 59.0352
61.7634 57.7157 57.2839 59.0352
62.0337 59.0046 57.8389 59.3711
64.0912 60.9195 59.3101 60.405
65.3011 60.3747 59.7367 61.1309
60.5868 55.9506 56.51 58.1157
60.2837 56.727 56.634 57.7465
60.5565 55.6391 53.9471 55.327
57.8081 52.1752 50.1287 52.6516
58.2079 55.0456 53.6005 54.5129
53.095 50.2573 48.5464 49.4522
53.0634 48.7732 48.9675 49.6135
48.7084 45.2423 45.1433 46.0655
45.5061 42.384 43.5855 44.6475
47.3426 43.9844 44.6475 45.5061
44.9782 42.2165 43.5855 44.6475
48.6112 44.7798 45.9011 46.5249
48.2218 44.1836 44.4819 44.9121
52.9368 50.5142 50.0644 50.3858
53.3479 50.4179 49.0969 49.9357
55.4519 49.8713 50 50.2573
54.3873 49.8069 49.678 50.0644
48.0593 45.0773 47.5383 47.9292
47.0159 42.4844 42.317 42.4174
46.7542 42.9189 43.4524 44.3494
44.846 37.6079 35.7148 35.9912
41.8476 39.4162 41.1751 42.1495
38.0529 35.1609 35.7839 37.0933
35.5764 32.5102 34.3969 35.7148
36.4052 34.0487 35.2302 36.8871
37.265 34.3273 33.5604 34.3273
35.5764 32.3346 32.7907 33.8396
36.2328 33.4206 33.1409 34.3273
36.9215 34.536 35.3687 36.543
37.5051 34.536 34.7792 35.9912
32.2995 27.3273 28.5449 28.6163
30.5009 28.4735 27.0758 28.3305
29.8981 25.2352 23.5626 24.5094
29.6139 27.2914 24.2913 24.4367
29.8626 24.6548 24.2185 24.5094
33.0709 29.1869 25.3801 25.5972
34.536 32.0887 32.3698 33.4206
32.8608 29.8271 29.1513 30.8194
33.979 27.9011 28.0443 29.2581
35.7839 32.3346 32.6505 34.0487
36.1983 29.4717 30.8194 32.0887
35.9221 33.1409 33.3857 33.3507
32.2644 27.7578 27.9011 28.1875
34.675 31.2433 31.7368 32.8958
35.4034 30.1465 30.4655 31.3139
35.3341 29.2581 28.9731 29.7916
33.4206 28.7591 29.0444 30.1111
29.685 27.5426 28.7948 29.6495
30.3592 25.1265 25.4525 26.608
28.6163 24.8 25.5249 26.608
27.0039 24.0729 24.7274 25.7419
26.3918 23.1243 24 24.9452
25.5249 22.4287 23.0877 24.1457
24.2913 21.8781 23.0511 24
24.7274 22.6119 23.6355 24.6911
24.8 23.0877 24.1457 25.3439
27.6144 26.3918 27.5785 28.8305
28.8305 26.824 27.9727 29.2581
28.4377 26.4999 27.6861 28.9731
29.4005 27.7578 29.1157 30.4655
30.3238 28.652 29.685 31.0314
31.0314 29.1157 30.3947 31.5959
32.0183 30.2529 31.3844 32.7206
32.9659 31.2433 32.44 33.8396
33.7 31.772 32.8608 34.2229
34.1532 32.2644 33.4905 34.8834
34.675 32.6855 33.7698 35.1262
35.0222 33.0009 34.1184 35.5418
35.2995 33.4206 34.5012 35.8185
35.7148 33.9093 34.8834 36.2673
36.3362 34.536 35.5764 36.9559
36.6807 34.8139 35.8185 37.2307
36.9559 34.9875 35.9912 37.3679
37.162 35.0568 35.9912 37.3679
37.1277 35.0915 35.8876 37.2993
36.3707 33.5604 34.3621 35.7148
35.0915 32.7907 33.4206 34.7792
33.9093 31.948 33.0009 34.3969
33.0009 30.8901 32.0535 33.4206
33.1759 31.1727 32.3346 33.7349
33.3158 31.1021 32.0887 33.4905
32.7907 30.3238 31.2433 32.6855
31.8776 29.5428 30.6071 31.8776
32.0887 29.9336 30.8901 32.1941
31.6664 29.685 30.4655 31.8072
32.44 30.3238 31.3139 32.6505
32.5803 30.1465 31.1727 32.44
29.1513 27.1117 28.1159 29.2225
31.0667 28.9731 30.2529 31.1727
34.536 32.1941 33.4905 33.979
31.0314 28.2948 29.1869 30.2529
30.6779 28.0443 29.0444 29.9336
29.08 25.9587 26.752 27.4709
27.2914 25.0177 26.031 27.6144
29.5428 27.2914 27.6861 29.0088
29.4361 26.5359 26.86 26.824
30.0401 27.8294 28.1875 28.9018
30.3947 25.2714 25.8142 26.752
28.6163 24.5094 25.8142 26.824
26.896 25.0177 26.5359 27.6861
27.1836 25.2352 26.5359 27.3991
26.68 24.5821 25.7057 26.5359
26.644 24.9452 26.031 26.788
26.824 25.054 26.031 27.0398
26.0671 24.364 25.5249 26.5359
25.7781 24.0729 25.2352 26.1754
25.7419 23.8543 24.9814 25.8865
25.5972 23.7085 24.8 25.7419
25.6696 23.7814 25.0177 26.1393
26.2475 24.1457 25.3801 26.3197
25.7419 24.0729 25.4525 26.5359
26.2475 24.364 25.5249 26.4639
26.5359 24.9089 26.1032 27.2914
26.752 24.9452 26.031 27.1836
26.1754 24.5094 25.7419 26.896
26.2114 24.4367 25.5972 26.896
26.1754 24.8726 25.8865 27.0398
26.1032 24.6548 25.8865 27.1117
26.1032 24.7274 25.9587 27.1836
26.1032 24.5821 25.8865 27.1117
26.031 24.6184 25.9587 27.2914
26.1032 24.7637 26.1032 27.4709
26.5359 24.8726 26.3197 27.3991
26.4639 24.8726 26.3918 27.3273
26.752 24.8726 26.2475 27.2555
26.1754 24.5094 25.7419 26.824
26.2114 24.5821 25.9226 27.0398
25.9587 24.364 25.6696 26.68
25.8142 24.2185 25.6334 26.716
25.7419 24.2549 25.5972 26.68
25.8865 24.364 25.7419 26.824
25.7419 24.4367 25.7419 26.896
25.8142 24.5821 26.1754 27.2914
26.5359 24.9452 26.1754 27.2555
26.572 25.0902 26.1754 27.2914
26.9679 25.3801 26.752 27.8294
27.2555 25.4525 26.68 27.7578
27.2914 25.3801 26.68 27.7936
27.2555 25.3801 26.68 27.8294
26.896 25.2352 26.5359 27.6144
26.716 24.9452 26.3197 27.3991
26.608 24.8726 26.2114 27.2914
26.1032 24.4004 25.6696 26.788
25.4525 23.7814 24.9452 25.9949
25.0177 23.4166 24.7274 25.7419
24.5821 22.978 24.2913 25.3801
24.5821 22.978 24.4367 25.5972
24.5821 22.8316 24.2913 25.3077
24.5094 23.0511 24.364 25.4163
24.5821 22.978 24.5458 25.5972
24.7274 22.978 24.4367 25.4525
24.8726 23.1974 24.6548 25.6696
24.9089 23.4166 24.8 25.8865
25.1265 23.7085 25.1265 26.1754
25.1627 23.4896 24.9452 25.9587
25.3439 23.8179 25.1627 26.2475
25.4525 24 25.3077 26.3557
25.5972 24.0729 25.4525 26.5359
25.6696 24.2185 25.5972 26.68
25.6696 24.2185 25.6696 26.824
25.8865 24.4367 25.8503 27.0398
25.9226 24.5821 25.9587 27.0398
26.1754 24.6911 26.1032 27.3273
26.752 25.1627 26.5359 27.5426
27.2914 25.8865 27.2914 28.402
27.7936 26.3197 27.5426 28.6877
28.1875 26.752 28.0443 29.1869
28.5806 27.1477 28.5449 29.7561
29.1157 27.9369 29.1157 30.182
29.4717 28.3305 29.5784 30.8194
29.6139 28.402 29.7561 30.9608
30.2529 29.1869 30.5363 31.7368
30.5717 29.4717 30.8194 32.0887
30.8901 29.685 31.0314 32.3346
30.8901 29.7561 30.9608 32.159
30.8194 29.4717 30.6071 31.8072
31.3139 30.0401 31.3139 32.5102
31.6664 30.1465 31.3139 32.5452
31.6664 30.2884 31.3139 32.5452
31.6312 29.8981 30.7486 31.948
31.3844 29.6139 30.6425 31.8424
31.4197 29.685 30.8547 32.0887
31.5959 29.9691 31.1727 32.2644
31.8776 30.0401 31.0667 32.2995
31.8072 30.2175 31.3491 32.5803
31.8776 30.2529 31.5959 32.8257
32.3698 30.784 32.0183 33.1059
32.7557 31.1374 32.3346 33.5254
33.0009 31.0314 32.2293 33.4206
33.1059 31.6664 33.3507 34.536
33.2808 31.6664 33.2108 34.536
34.188 31.7368 32.7907 34.0487
34.9528 32.5102 33.7 34.8834
34.675 32.4049 33.2808 34.7097
35.6456 33.0709 33.7698 34.8487
34.536 33.0009 34.1184 35.2995
34.9528 33.1409 34.188 35.5418
35.2302 33.1409 33.979 35.1609
35.6456 34.0139 35.0915 36.1983
35.611 33.9442 34.9528 36.1293
35.853 33.5604 34.7097 35.9912
35.4726 33.0709 34.3969 35.5764
35.438 33.1409 34.3621 35.611
36.3362 34.536 37.0933 38.3263
39.8235 38.1897 39.1103 39.3483
37.745 36.543 37.2307 37.8477
43.3191 39.0082 40.1284 41.2761
43.0524 41.5453 42.4844 43.8848
45.0442 43.019 43.8183 45.1103
45.9011 44.084 43.9512 45.0442
45.7695 43.9844 44.3494 45.3743
46.0655 44.3162 44.9121 46.164
43.918 41.9818 42.317 43.6521
44.9782 42.7185 43.5522 45.1103
46.9505 44.9782 45.0442 46.4265
45.9011 43.6521 43.019 44.7137
44.9782 41.7805 42.317 42.8521
42.7185 40.568 41.0404 42.116
42.0489 39.9591 40.7368 42.2165
44.5151 43.3858 43.5855 45.1433
46.8851 44.1836 43.4524 44.5151
44.9121 41.5453 44.0176 44.5482
44.1172 41.7133 42.6182 43.918
39.5521 36.6118 38.0187 39.9591
39.7557 37.2993 39.0763 40.5004
43.2525 39.3483 39.1443 40.2638
40.4328 37.2993 39.2803 40.8381
43.7518 41.2761 42.5847 44.1504
46.5577 43.9512 45.1433 46.0655
46.5577 45.2093 47.2773 48.7408
47.5383 45.7695 46.9505 48.3841
49.549 47.8315 48.5788 50.0966
47.7664 46.3609 47.799 49.6457
46.5577 45.7695 46.5577 47.9942
49.0645 48.3841 49.6457 49.678
47.4731 46.8524 48.1893 48.2543
50.8348 50.3858 50.9949 52.4929
46.7542 46.8851 47.8315 49.2908
47.0486 47.4731 48.0593 49.3554
47.31 47.3426 47.4079 49.0645
46.8851 46.3609 47.2447 48.9675
47.6687 46.7542 47.1793 48.5788
47.9292 45.8353 47.1793 48.9675
45.8682 44.9782 46.2953 47.799
47.7338 46.0655 49.549 50.8028
48.8704 46.6887 47.7338 49.2585
48.1568 46.0655 46.656 47.6035
49.7747 49.7424 50.2573 50.9629
47.6361 46.3609 46.9832 47.4731
50.4821 50.5784 50.1287 50.5463
50.2894 50.0966 50.0966 50.5142
50.3537 48.9675 49.8391 49.678
50.7387 49.678 49.9357 49.5813
51.4743 49.5167 49.8713 48.838
51.1548 49.2585 49.0969 48.5788
52.715 49.7424 48.6112 48.5788
46.3609 44.9782 44.2499 44.9121
46.164 43.7851 43.5855 44.084
44.9121 42.116 41.9483 43.1191
45.5061 44.2168 43.4191 45.1103
42.3505 41.1751 40.4328 42.4509
42.2165 40.973 39.5521 41.5789
38.3263 36.8183 35.7839 38.3263
41.6461 37.5737 37.162 39.4162
36.0948 35.0568 35.4726 37.0246
40.9055 36.4741 37.9161 38.1213
38.2239 36.8527 36.9902 37.5737
33.8396 33.9093 34.4664 36.4052
35.438 33.7698 34.9528 36.8527
36.4741 35.0568 35.853 37.6079
38.1213 34.0836 36.1638 36.7495
35.438 35.6456 35.6456 37.7792
40.568 39.5181 39.9591 42.25
40.7031 38.4629 39.8235 41.0404
39.0763 37.5737 38.258 39.8235
41.0404 38.3946 39.5521 41.1751
41.5789 39.9591 39.8913 41.2088
39.2123 38.3946 38.9742 40.3652
43.0524 40.2976 40.3314 41.3435
44.6475 42.3505 43.519 44.5813
43.8183 41.6797 42.2165 43.519
43.3858 41.1751 42.0489 43.3191
43.7186 39.7557 40.6693 42.317
39.5521 36.4741 36.6463 38.1897
40.2976 35.438 35.7839 38.9742
43.918 40.9055 41.7805 44.3825
44.4488 40.1622 41.5453 43.2858
42.5178 40.6693 41.5116 43.3858
42.317 40.1622 41.7133 43.1858
41.9147 39.7557 40.8043 42.7853
43.4857 41.7469 43.2525 44.1172
41.0067 37.0933 38.0187 39.62
38.3946 36.0603 36.9902 38.258
37.5737 35.5764 36.8183 37.9161
36.7151 34.536 35.6456 36.8527
36.3362 34.5012 35.853 36.8871
37.7792 35.9221 36.8871 37.8134
36.543 34.7792 36.0603 37.162
36.8183 35.0222 36.1293 37.1963
36.2673 33.6651 34.8834 35.3687
35.7148 33.8744 35.5764 35.438
37.6422 34.9528 35.853 36.1983
37.5051 35.1955 37.0933 37.8819
37.2993 34.8139 36.4741 37.0246
40.8381 38.258 40.6355 41.3771
36.8183 33.7698 36.8871 37.6079
37.7792 35.1609 37.745 38.872
38.258 35.9912 37.4365 38.497
37.8477 35.9912 37.7107 38.7357
40.2976 38.0187 39.2803 40.3652
40.2638 37.3679 37.2307 38.4287
41.3771 39.5521 40.5004 42.116
40.9055 39.2123 39.8913 41.5789
40.9055 39.0763 40.4328 42.116
41.6461 39.4502 40.4328 41.5116
42.4509 40.8718 41.5116 42.6516
43.1858 41.5116 41.4444 42.8187
42.5847 41.4108 41.2088 42.384
42.7519 41.5453 40.5004 41.4108
41.2761 39.4842 39.5521 40.7706
42.9189 41.478 41.1751 42.3505
43.2191 41.3098 40.3652 42.5847
43.1525 41.5116 40.5004 43.0524
44.6475 43.1191 39.9252 42.5178
43.519 41.8476 40.6693 43.7851
43.7851 42.4509 41.5789 44.7467
44.2831 43.1858 42.9523 45.6708
45.572 44.084 44.1172 46.0655
45.7695 44.2831 44.3494 46.0655
46.0655 43.8515 44.1836 45.5061
46.6887 44.4488 45.0442 46.2625
48.1893 46.0655 46.8197 47.7338
49.2585 47.2447 48.0593 48.838
49.7747 48.0918 49.0322 50
50.0644 48.2543 49.2262 50.3216
50.45 48.3192 48.7084 49.6457
50.3216 48.3841 48.9027 49.9679
50.2252 48.1568 48.5788 49.7424
50.5142 48.2218 48.7732 50.3216
50.0966 48.0593 48.5788 50
50.3537 48.4166 48.9351 50.2252
50 47.8641 48.2543 49.6135
50 47.9292 48.3841 49.5813
50.3216 48.5139 49.0645 50.3537
50.2573 48.449 49.0969 50.45
50.0644 48.0593 48.5139 49.7747
49.7424 47.6035 47.9617 49.0322
49.3876 47.1467 47.4731 48.5464
49.0969 46.6232 46.9178 47.9292
48.449 45.5061 45.6379 46.5577
48.7408 45.7366 45.572 46.4593
48.5139 45.3743 45.7037 46.7869
48.0267 45.0442 45.3083 46.4265
47.8641 43.8183 43.9844 45.1763
47.4079 44.1172 44.3825 45.6049
47.4405 43.5855 43.8848 45.1763
46.0655 43.2525 43.7186 45.0442
45.9011 43.019 43.5522 44.9121
45.4402 42.7853 43.4191 44.846
45.1103 42.6516 43.2525 44.6806
45.2093 42.5178 43.0524 44.4819
45.0442 42.116 42.5847 44.0508
44.9782 41.9147 42.4174 43.8515
44.4157 42.0154 42.7185 44.084
43.8183 41.478 42.317 43.7518
43.8183 41.5789 42.384 43.6853
43.1525 40.9055 41.9147 43.1191
42.8855 40.6018 41.4444 42.6516
42.0489 40.0945 41.0067 42.183
42.183 39.9591 40.8381 42.0154
41.4108 39.2463 40.1622 41.4444
40.973 39.0763 40.0268 41.2425
40.7031 38.5311 39.2123 40.4328
40.6355 38.497 39.4842 40.7706
40.4328 38.1213 38.9401 40.2976
40.5004 38.1213 38.872 40.2299
39.9591 37.6422 38.5652 39.9252
39.2123 36.9215 37.7792 38.872
38.3946 35.9912 36.8183 38.0529
37.9845 35.7148 36.3362 37.6079
37.6422 35.611 36.4052 37.745
38.0187 35.8185 36.543 37.7792
38.4629 36.1638 36.8183 38.0529
38.5993 36.1638 36.7839 37.9845
38.1213 35.7839 36.6463 37.8819
38.8039 36.4396 36.8871 38.1213
39.2123 37.5051 37.2307 38.2239
39.1103 36.9215 37.162 38.1897
37.9845 35.7494 36.4052 37.5737
37.4365 35.2995 36.0603 37.2307
37.3679 35.0915 35.9221 36.9559
37.0246 34.3273 35.1609 36.3362
37.2307 34.6055 35.1262 36.2673
36.8183 34.8139 35.7148 36.7495
37.6765 35.2648 36.1293 37.1277
37.5051 34.8139 35.3687 36.6118
36.7495 34.536 35.3341 36.6118
36.7495 34.675 35.5764 36.8183
36.6807 34.7792 35.7839 37.1277
36.8871 35.0915 35.9221 37.162
37.2307 35.2995 36.0603 37.3679
36.8871 35.0568 36.1293 37.265
36.8871 34.8834 35.9912 37.1963
37.4365 35.6802 36.6807 37.9161
37.9161 35.9221 36.7495 38.0187
38.1213 36.1293 37.162 38.3605
38.5993 36.5774 37.5737 38.8039
38.9742 36.9559 37.9161 39.0763
39.2123 37.2307 38.0871 39.3483
39.2803 37.2993 38.2239 39.4842
39.3143 37.2307 38.1555 39.3143
38.8039 36.8183 37.7107 38.9401
38.4629 36.4052 37.3336 38.6675
38.0187 35.611 36.4741 37.9161
37.5051 35.5072 36.5774 38.0871
37.7792 35.6456 36.4052 37.7792
37.9503 35.0222 35.9221 37.3679
37.0933 34.536 35.5764 37.162
36.4741 34.3969 35.438 37.0246
36.8183 34.7445 35.7148 37.2307
36.9902 34.9181 35.7839 37.2993
37.3679 35.2995 36.3018 37.6079
37.2307 35.3341 36.1983 37.5394
36.9215 35.1609 36.1983 37.5737
36.9559 35.1609 36.2673 37.5737
37.162 35.2995 37.0246 37.9845
38.1213 35.7839 36.8527 38.1897
38.5311 36.1293 37.5051 38.8039
39.2123 36.8527 37.9845 39.2123
39.8235 37.5394 38.7698 39.6878
39.9591 37.6422 38.258 39.4162
40.7031 38.7698 39.3143 40.3652
40.7706 38.4629 39.2123 40.3652
40.9392 39.4162 40.2299 41.4108
41.7133 39.8235 40.4328 41.5116
41.9147 40.1622 40.8381 41.9147
41.5116 40.7368 41.5116 42.7185
42.317 41.1078 41.9818 43.2525
42.3505 40.7706 42.0489 43.3858
43.2525 41.2425 41.9818 43.2191
41.5789 39.4162 40.4328 42.183
42.1495 39.4842 40.2976 41.5789
43.9512 40.2976 41.4108 42.4509
44.3825 42.317 41.4444 42.7185
47.0813 44.0508 44.084 45.1763
48.676 44.0508 44.5151 45.9997
48.0593 45.6379 46.4265 47.9292
48.9675 46.8851 47.5709 48.7732
49.3231 47.212 47.5383 48.8704
49.8391 47.0159 46.4921 47.6687
48.449 44.0508 44.9782 46.3937
48.5788 44.1836 44.9782 46.5905
47.3426 44.1836 45.0442 46.6232
46.2953 44.084 45.1103 46.9178
46.0655 44.2831 45.1103 46.7542
46.0655 44.7798 45.7366 47.4079
46.0655 44.6806 45.5061 46.9832
46.3937 45.0442 46.164 47.6361
46.0655 44.3162 45.3083 46.6887
45.7037 44.1836 45.1433 46.5577
45.8024 44.0508 45.0773 46.4265
46.0655 45.2753 46.0655 47.31
46.0983 44.879 46.0326 47.212
45.7366 45.0442 45.9669 48.5464
46.7869 46.0655 47.4731 48.838
47.6687 47.0159 48.5464 49.6135
48.9351 47.5709 48.7084 49.8391
48.1243 46.7215 49.1615 50.3858
45.6049 45.3413 47.1467 50.3537
46.8851 46.0655 47.6687 49.1615
47.5709 49.9357 48.3841 49.3231
51.3785 48.6436 50.5463 52.4294
49.4199 48.4166 49.6457 50.3858
49.0322 47.4731 48.2543 50.45
48.838 47.799 49.8713 51.1548
49.0969 47.4079 48.7084 50.3216
49.0969 47.4079 47.9942 49.4845
48.3192 46.1968 47.7338 49.6135
47.9292 46.0655 47.31 48.9027
48.7084 46.8197 47.5383 48.9998
49.0322 47.0486 47.6687 49.3554
49.2908 47.4079 48.0593 49.4845
56.541 52.1116 52.3659 53.5689
54.8578 53.5058 53.095 54.2617
55.8884 54.1359 53.9786 55.2958
54.7011 53.3795 53.3795 54.5129
57.9927 55.4519 55.3895 56.758
58.9129 55.3582 55.5143 53.8211
57.5924 54.1045 53.4427 51.7295
56.758 54.0101 53.4427 54.4501
53.7896 52.1116 53.4742 54.7011
56.0751 53.6951 53.2847 54.8265
55.3895 53.6951 54.1359 55.2958
55.8884 54.8578 55.0769 56.1373
59.6149 58.1157 56.8819 58.4534
59.98 57.9004 55.6391 57.0675
63.0211 59.4016 60.4959 61.2214
62.842 58.6374 60.2533 60.9799
62.6328 58.6374 58.3307 57.962
58.4228 52.0798 52.6833 53.0001
57.8389 56.2927 55.9506 57.2839
60.4353 56.572 57.1912 58.5761
63.7056 62.2437 62.1237 62.6328
64.3871 61.8836 61.9137 62.7524
65.0952 63.1403 62.2137 62.842
63.6462 62.5431 62.3036 63.5868
64.7711 63.8837 63.0509 64.8595
66.4432 64.5349 63.9726 65.3599
61.4625 59.6758 59.493 60.2533
63.4083 60.8288 59.5845 61.4926
63.6462 60.7683 61.342 62.9912
65.0952 61.7033 62.5132 63.9726
65.0658 60.0712 61.613 63.9726
65.8 61.0403 62.4234 63.4083
67.1419 63.3488 64.594 66.2681
66.4141 63.0509 64.3871 65.8586
66.5307 62.9316 63.1105 64.18
65.3893 64.8595 64.7711 65.9464
63.4083 61.1309 61.9437 63.0509
64.2984 62.6926 63.557 65.4186
62.4533 60.7986 61.7634 62.9017
62.0637 62.0337 61.5227 62.6627
58.0235 56.8509 58.6986 59.554
50.45 52.3659 51.9843 53.5058
50.8348 51.7295 52.2388 53.1583
52.1116 52.5881 52.9684 53.9471
54.073 54.8265 55.0769 56.1062
52.8734 53.7266 54.8265 57.0675
55.0769 54.3245 54.8265 56.479
53.9156 53.095 54.4815 55.9195
53.8211 53.0317 54.5129 55.8572
53.6635 52.6199 53.6951 55.1707
53.4742 51.9525 52.4612 54.0101
51.602 51.1548 52.048 53.0001
55.7014 56.1684 55.8884 55.8884
54.3559 53.9471 54.7011 55.1082
53.4427 52.6199 53.4427 54.8578
52.6199 52.3659 50.7387 51.602
54.4188 52.8418 55.4831 55.9506
52.048 51.0589 50.4179 50.5784
56.0751 53.9471 53.9471 53.4111
57.0366 53.3163 52.4929 51.8888
54.5129 53.1583 50.3216 50.6746
54.9517 52.5564 49.6457 50.5142
55.2333 54.073 50.4821 51.7933
58.1772 55.9818 52.8734 52.7467
57.3456 53.8526 52.5564 54.2617
58.4534 57.0057 54.7325 56.9747
60.0408 56.0751 52.7784 55.6391
59.2795 57.0984 54.4815 57.3147
56.51 57.9927 54.5757 56.572
55.6391 54.1359 52.4929 55.3582
54.7011 52.1116 51.6339 53.4111
53.7581 51.7933 50.8988 52.7467
57.8697 56.8819 56.1062 57.4382
58.974 55.6391 55.3582 56.696
55.6391 53.8526 53.8526 55.1395
57.7773 54.8265 54.5129 54.9517
53.5689 51.3466 51.1548 52.9684
51.3785 51.5382 53.3479 52.7467
51.1229 49.0645 49.0322 51.1868
50.6425 45.9669 47.2447 48.2867
49.549 45.934 45.7037 47.4079
47.7664 46.0655 45.4072 47.8641
48.449 47.9942 46.4265 48.3841
48.1893 46.5249 46.0655 47.9617
47.9942 46.2297 45.8682 47.5057
49.2585 48.676 47.799 48.838
51.0589 47.6687 46.9178 48.5139
49.9679 47.5709 47.1793 48.6436
51.9525 48.0593 46.8851 49.0322
53.5058 49.9035 48.5139 49.678
49.0322 47.5709 43.9512 45.9011
51.9207 48.2543 47.2773 49.2908
50.0322 47.4079 46.6887 48.1893
49.2262 44.9782 44.0508 46.0326
50.7066 46.9505 46.3609 47.8641
48.4815 46.0655 46.6232 48.1568
47.6361 43.6521 43.7851 45.3083
46.0655 42.4509 43.0858 45.5391
47.2447 40.7031 39.7557 40.9055
45.8353 42.5513 42.4844 41.9147
44.7798 41.8476 42.7185 43.2525
44.8129 43.8515 43.8515 45.1103
41.3435 37.745 37.8477 38.9401
43.4857 41.3098 43.3858 44.9121
41.7805 39.2123 39.2123 39.4162
35.5764 32.7206 33.8396 33.9093
38.2922 33.4905 34.8139 34.8139
40.6018 37.7792 38.872 36.0948
34.7445 32.159 34.0836 34.536
37.162 34.2577 36.1638 36.2673
33.4905 31.948 32.9308 32.5102
31.3844 28.259 28.8305 29.7916
29.9691 27.0758 28.4735 29.7561
30.2175 27.9011 30.3238 30.8194
31.4549 28.1517 29.5072 30.2529
29.2581 26.9679 28.3305 29.5784
29.0444 26.9679 27.8294 28.8305
30.0401 28.0443 29.4717 31.1374
30.5363 27.9011 28.9018 30.182
32.2644 30.1111 32.1238 33.7698
33.5254 31.0314 31.5254 32.2293
33.979 32.2293 33.4905 34.8487
33.6651 32.44 33.0359 33.979
32.8958 31.7368 31.8072 33.7698
35.2302 33.7 34.0139 35.4726
34.7097 32.7206 32.8958 34.1532
37.162 35.4726 35.5764 37.059
38.1897 36.8183 36.2673 37.2993
35.7148 33.8744 34.3621 36.2328
37.2993 35.853 35.9221 37.8819
37.3679 34.7097 33.5953 34.8834
36.3362 34.0836 34.3273 36.3362
35.438 33.4905 34.188 34.7445
33.7 30.8194 31.2433 32.0887
32.7907 30.8901 31.8776 33.2458
33.3857 30.3947 30.8194 31.5254
34.2577 31.772 32.6505 33.1059
33.1059 30.8194 32.159 33.2808
34.0487 32.7206 34.0487 35.0915
33.6302 31.772 32.159 32.8608
33.0359 31.2433 31.948 33.0709
32.9659 30.8194 31.8776 32.8958
33.0709 31.1021 31.8072 32.9308
33.1409 31.3139 32.3346 33.4556
33.5604 31.7368 32.7206 33.7
33.9093 31.3844 31.4902 32.5803
34.188 31.3139 31.5959 32.44
33.2108 31.0314 31.8776 33.0359
32.44 30.2529 31.1021 32.159
33.0009 31.1727 31.5959 33.0009
32.0887 30.3947 31.3844 32.5803
31.3139 29.1157 29.0088 30.0401
30.7133 28.5449 28.8305 30.1111
30.8194 28.9018 29.685 30.7486
29.4005 28.0801 29.4005 30.3947
29.8271 27.9011 29.3293 30.3238
30.182 28.1875 29.4005 30.6071
30.2884 28.5806 29.9691 31.1021
30.8547 29.4005 30.6779 31.772
31.5959 30.182 31.4197 32.5803
32.3346 30.8901 32.5102 33.7698
32.159 29.8626 30.3592 30.6779
31.8072 30.4655 31.8072 33.0009
32.2293 30.9961 32.0535 33.1759
32.7206 31.2433 31.9832 33.0709
32.8608 31.1021 32.0887 33.3507
33.3158 31.8424 32.8608 33.9093
34.536 33.0709 34.0487 35.0222
35.9221 34.188 35.2995 36.1983
36.6807 34.7445 34.9528 35.8876
37.0246 35.1609 35.5418 36.1983
37.0933 35.1609 35.6456 36.543
37.0933 35.0915 35.1609 35.8185
36.7495 34.1184 34.1184 34.7445
34.8139 32.5102 33.0709 34.0836
34.7792 32.6855 32.9308 34.1184
35.2302 33.1409 33.7 34.536
35.7148 33.7 33.9093 34.5708
35.1955 32.6154 32.8257 33.7698
34.2577 31.4549 31.6664 32.2644
31.4902 29.0088 29.4717 30.3947
30.7486 28.402 29.3293 30.0401
29.7561 27.6861 28.5806 29.8981
29.685 27.2555 27.6861 28.7234
28.7591 26.5359 27.2914 28.402
28.7948 26.824 27.7936 28.7234
28.6163 26.896 28.0443 29.1869
29.5428 27.7936 29.3293 30.7133
30.5363 28.8305 29.8981 30.7486
30.5009 28.0085 29.3293 30.5363
29.9691 28.259 29.0444 29.9691
30.5363 28.3305 29.1157 29.9691
29.8271 27.2914 28.5449 29.8271
28.402 26.5359 27.435 28.5449
28.0443 26.1393 27.1117 28.1517
27.2914 25.5249 26.644 27.7219
27.6144 25.9587 27.0398 27.9727
28.259 26.1754 27.2555 28.1875
28.5449 26.608 27.6861 28.4735
27.6502 25.9587 27.1836 28.1159
27.6861 26.1754 27.4709 28.5449
29.1157 27.9011 29.2581 30.3238
28.5806 27.2555 28.3663 29.0444
29.9691 28.8305 30.0401 31.1021
30.3592 28.9731 30.0401 30.7133
30.6779 29.1869 30.3947 31.3139
32.159 31.1021 32.4049 33.4905
33.0359 31.8424 33.1409 34.1184
34.0487 32.7206 33.979 35.0915
34.3969 33.0709 34.3273 35.5072
35.5418 34.3273 35.6456 36.8183
36.5774 35.3687 36.6118 37.7792
37.3336 36.2673 37.5737 38.872
38.1897 37.3336 38.6334 39.9591
39.5521 38.4629 39.62 40.9055
39.9929 38.8039 39.7896 41.0404
40.1622 38.7016 39.4502 40.7706
40.3652 38.9742 39.7557 41.1078
40.9055 39.5521 40.6018 41.7133
41.6461 39.7896 40.399 41.5453
41.5116 38.3605 39.0082 39.9591
41.7469 39.6539 39.9252 41.0404
42.0824 39.9929 40.6355 41.5453
42.5513 40.6355 40.8381 41.9818
43.1858 41.8476 42.5847 43.8515
43.519 42.116 42.685 43.7518
43.519 41.6461 41.9818 42.7519
43.6521 41.7469 42.0489 42.8187
43.519 41.3435 41.6125 42.7853
43.2525 41.5116 41.9483 42.9523
43.7186 41.9483 42.3505 43.7851
43.6521 41.6461 42.4174 43.7186
43.7186 41.7469 42.2835 43.4524
43.519 41.6461 42.0489 42.9189
43.7186 41.7805 42.4509 43.7518
43.918 41.6461 41.9147 43.0524
43.1191 41.1078 41.3771 42.384
43.3858 40.973 41.1751 42.2835
42.2835 39.6878 40.1622 41.0067
41.3435 38.8039 39.2803 40.0945
40.973 38.7357 39.2123 40.2638
40.4328 38.1213 38.5652 39.7217
40.0945 37.5737 38.0187 39.1103
39.6539 37.4365 38.0529 39.2123
39.5521 37.5051 38.2239 39.4842
39.0763 37.162 37.9161 39.0422
39.2803 37.162 38.0529 39.3483
39.3483 37.2993 38.0871 39.3143
39.5521 37.745 38.6675 39.9591
40.6355 39.0082 39.8913 41.2761
40.8381 39.2463 40.2976 41.6461
41.7805 40.3314 41.1751 42.5513
42.0489 40.5004 41.2425 42.5847
42.5513 41.1751 41.9147 43.2858
42.6516 41.1078 41.8476 43.2191
43.2191 41.9147 42.7853 44.1172
43.7518 42.317 43.1858 44.5482
44.3494 42.9523 43.7186 45.0773
44.0508 42.6182 43.4191 44.7798
44.5813 42.8521 43.4524 44.7798
45.5061 43.918 44.5813 46.0655
48.1243 47.0159 47.7664 48.9675
49.7424 48.8704 49.7424 50.7387
51.602 50.7707 51.6658 52.4294
52.7467 51.6658 52.3024 53.3479
53.4427 52.2706 52.5247 53.5374
53.5374 52.207 52.5564 53.7266
53.3795 52.1116 52.4294 53.5058
52.7784 50.5463 50.2573 51.0269
52.207 49.6457 49.4845 50.3858
51.9207 49.4522 49.4845 50.5784
52.048 49.678 49.678 50.8988
52.0798 50.0644 50.2894 51.7614
52.6199 50.6425 50.9629 52.4294
52.715 50.9309 51.3466 52.8101
53.3795 51.8251 52.3024 53.8211
54.0415 52.3977 52.7784 54.3245
54.7011 53.095 53.2531 54.8265
55.1082 53.1583 53.4427 54.8265
56.0751 54.2302 54.4188 56.0751
56.603 55.202 55.2958 56.82
56.696 54.4501 54.607 55.9506
57.5616 55.6703 55.8572 57.3456
57.7465 55.8884 55.9195 57.1603
58.4534 56.1373 55.9818 57.1294
58.5454 56.603 56.3237 57.5616
60.3443 58.3921 58.1772 59.4321
61.0705 59.5845 59.7367 60.9799
62.1237 60.1319 59.8888 61.2817
62.7823 60.859 60.2533 61.3721
61.342 58.7599 57.7773 58.668
62.3635 59.8888 58.9435 59.8584
61.9737 59.7671 58.9129 60.0712
61.4324 59.0046 58.7599 59.9496
61.4625 59.554 59.3406 60.7381
63.1999 61.5227 61.3721 62.7524
63.1999 60.8893 60.6776 61.9737
62.9017 61.2817 60.9195 62.0337
63.8837 62.2437 61.8235 63.0509
63.1403 60.0104 59.2185 60.405
63.8837 62.2137 62.5431 63.7947
64.5349 63.2893 63.2595 64.6826
65.8586 64.3871 64.1504 65.1835
68.0395 66.793 66.8512 67.519
68.8456 67.49 67.432 68.0684
68.7882 66.7347 66.2389 67.2
69.3329 67.8662 67.461 68.5582
69.8756 68.587 68.1838 69.6759
69.1611 67.8373 67.2 68.3279
70.1035 69.247 68.8456 69.9611
69.247 67.5479 67.374 69.2757
69.2757 68.1549 67.345 68.9604
69.7901 68.5582 68.0684 69.6759
69.3329 67.49 66.6473 68.1261
69.6474 67.924 67.2 68.7882
69.4187 67.519 67.316 68.6158
68.3855 66.0927 65.1246 66.5307
67.924 65.4774 66.4141 67.374
67.2 64.328 65.7707 67.2
67.8373 64.2688 66.005 67.2
68.3567 65.0363 66.8512 67.8373
66.2681 63.8243 65.3305 67.2
66.7347 64.1504 65.1246 67.2
66.0342 65.2129 65.4774 66.8803
65.7707 65.0952 65.2423 67.2
66.4724 65.9464 65.7707 67.2
64.9479 65.154 65.3305 66.9094
64.2688 64.5054 64.5645 66.0927
63.7056 65.2717 65.154 66.2681
61.4324 64.0023 64.0023 65.4186
61.6431 62.3336 62.7524 64.2688
60.5868 61.613 62.1237 63.765
62.3635 62.6029 62.6627 64.0023
61.7033 62.1237 62.7524 64.1504
62.3036 62.4533 63.4083 64.4463
64.4167 62.1237 62.7225 64.1504
61.8536 62.3935 63.2595 64.2392
63.1999 64.0912 64.889 65.8586
62.573 62.9614 62.9614 63.854
63.2297 62.842 63.3786 64.3576
63.854 63.0807 63.6165 64.4463
63.1403 63.6759 63.8837 64.6235
63.1105 62.7524 63.0211 63.8243
64.18 63.9133 64.0319 65.1835
64.9479 63.7353 64.4463 64.9185
63.6165 62.842 63.4083 64.2096
64.5349 64.0616 64.2984 64.2392
64.3576 64.6235 63.4083 63.7353
65.3893 64.5054 63.0807 64.2096
65.0069 64.2392 63.1999 64.2688
66.9675 63.1403 62.5431 63.5868
64.83 63.854 63.5273 64.9479
65.2129 64.4463 63.8243 65.7121
67.0838 65.2423 64.7121 66.6182
68.1261 66.9966 66.4724 68.2414
68.2126 67.461 66.8512 68.5295
68.6445 67.6058 67.345 68.6733
68.8743 67.8951 67.5479 68.8169
69.247 68.9604 68.9891 70.132
71.0964 70.3595 70.3595 71.2942
72.3068 71.407 71.5198 72.5589
73.0894 71.9701 71.9139 72.8942
73.8122 72.7546 72.7266 73.9231
75.1915 74.1169 73.8677 75.2464
73.8399 73.2009 73.0058 74.3104
73.0616 72.0824 71.9139 73.0058
74.1722 72.3909 71.717 73.5069
73.7567 72.2788 71.5762 74.1169
75.1915 73.0616 72.2227 74.2551
75.2464 73.8954 72.8942 74.8067
76.9908 75.6026 74.5312 76.0942
78.8991 77.3153 76.7197 78.2572
78.9525 78.6053 78.0157 79.2721
79.803 78.9258 78.3108 79.8295
79.8295 78.1499 77.4773 78.9258
78.6053 77.3423 76.774 78.2304
79.4847 78.6588 78.2304 79.2987
80.0147 79.1923 78.6588 80.0147
81.1466 79.8824 79.6174 80.7792
