1.20059217554244 1.66028767600665 1.81274086971186 0.400091317614034
3.49565222705669 1.58849674969476 1.36306629749431 1.11603464727862
4.19080419401944 4.06005045753449 3.14036815684099 2.38940800041487
4.70442880979493 3.2203326839783 2.67442459090538 1.76662379617629
6.03516085427161 4.22827690578696 4.45683784088564 4.51816745613816
6.2833289271653 4.11156046001318 4.51565647406949 4.78156352894172
7.7930268430402 6.3172962054354 5.88469839916287 6.69536611833392
7.73833334391936 5.71792988528315 5.74700154153876 6.07554992188609
7.99470955347092 5.19644827667899 5.69310582121021 6.28311290604029
7.7748253348183 5.40837249806612 7.17332607576316 6.27282868789264
7.77533381111426 7.01012782482375 7.35822664268185 6.35743752161734
7.60811183708227 6.83718210482288 8.47807025775754 6.89906772369072
7.49134112942085 6.87378982505185 8.54687598690143 6.6867386187657
8.04456617953227 6.69874136576115 9.59785798001657 7.59399169725452
8.52468877834655 8.28757501956173 10.1339922194443 8.33111882872772
9.16135764252102 8.10877674243171 11.4214542844242 9.30336094781978
9.61808598996977 8.75796884102405 11.2132356879160 8.01823387643436
11.7605680291656 9.90252250204322 10.9175190163722 9.21609652982936
10.7921103871957 9.88409488094396 12.2618185946988 9.35736325193645
10.4158907466080 9.6627422375003 11.564552103396 8.74299623920818
9.21245379731792 8.86051229824235 10.6217626005968 8.29293256904167
10.4507151244123 8.64132066586782 10.5334415210396 8.1830157689829
11.9537457194317 10.6674847899643 12.9634101333545 10.8305079063735
11.1239928486630 9.4296605583585 12.0147977778860 11.0248856391210
11.8046677147803 11.2089640653787 13.500007340488 10.7716346957150
11.7391250174427 11.2056434703090 13.7242447216271 10.7795332032583
12.7141783701292 12.1807806910785 14.0319728471962 10.3276740358894
10.8034287463911 9.60277267151382 12.0750195099934 8.77436058651982
10.4977051912001 10.4632645134421 12.0402899655713 8.28382149636795
11.0693772982149 10.6486389049656 12.3021037161838 9.37877639611829
10.5630160549487 10.4705396010495 12.1526684631368 8.77172918974626
10.8738893360842 10.5070360690122 11.9669499765222 9.70586005142038
10.2698329464280 9.57365727638686 12.0108738521295 9.01671025510819
10.2533582213793 8.61254291466109 12.1261412098010 9.07083578500378
9.751412588958 9.51836005472412 11.5589992465866 8.60901690090034
10.1686951690263 10.4033445020800 11.8288240969584 9.1688074616834
10.5872447795607 9.9641799157657 11.6763573102396 8.50040355962028
10.6296331624854 10.3448123377332 13.0485290611141 9.6712486599672
11.0524127269221 10.4743187335946 12.4710121814456 9.10777378851392
12.4158908190758 11.2948078750036 13.0441325263817 10.3719673671236
12.6729916365709 11.9394809067436 13.8164509516023 11.0936337232540
11.5304310148491 11.3638661526931 13.4900367997438 11.1865559236018
13.3583702458078 13.2364525104645 14.1723982733450 11.7353156598259
12.1184164274029 11.2102554279026 12.697182504287 9.88889016958523
12.6559406692822 11.1783152060339 13.2211032802307 10.6118118693824
12.2868513084641 10.4980000273787 12.3856963617063 10.372348834643
11.8226809559346 10.2486592805160 12.0375361000634 9.62967985987504
11.1585711070636 9.75993165097989 10.6855920467074 9.7781148434904
12.3248363494127 10.9733516009628 13.0521940944973 10.8581896210963
13.2118065911422 12.2672911985322 13.4486490524981 10.6470996921059
12.353932901619 10.7542725011861 14.0155494788601 9.5200796371232
13.3066350577048 12.9118474967583 14.7682797112311 10.6794411144173
13.4604343476615 12.8570376947628 15.1406496148886 10.7877295570148
12.0027019962960 11.0350384481915 13.4690821498402 10.0667769724512
10.9018336809061 10.5884732330338 12.3175732956348 9.6055794956035
11.4964734357708 10.7204232212816 11.3674239317421 8.56935694990455
13.4445685877122 11.6814483652414 12.8099244870365 10.5547642531642
12.7103077559263 9.859800453538 12.5536908255588 10.0943394056503
12.6079260849043 10.9309123492343 12.4427713062526 10.9203027938754
11.7139477560142 9.87904687937436 13.0584307865828 10.7089204396183
11.6880310243905 10.8357547438805 14.0011478455922 11.2996434240319
12.5180376633043 12.0362799778482 13.9049939345787 10.7834819255290
11.8515151064424 11.2915002441925 12.9566584475876 10.2866113274222
11.1772015273490 9.82377548975577 12.3878759297259 9.74788192944321
11.6559419423800 10.577472735434 12.4145495453877 10.6142143006058
10.7843695554223 10.8125451280877 12.1831701901579 10.0176858662124
10.7331583744768 9.79361597761572 11.8352686601812 10.0763389954715
10.4972214676974 9.13270075723706 10.2407169267898 9.939537797847
9.77279688476584 9.77634964888327 10.0225929536185 8.4651596421875
8.5340292453257 8.33072714470266 8.68398038753315 7.06257612691214
9.09559633027619 8.7088967526315 10.5652398365838 8.17381658403671
8.48050333251486 8.87198164924146 10.9567453200667 7.74551413825835
10.2104302411783 10.8934530677519 12.4622468714284 8.47975684598678
10.7793771509368 10.9647033600798 12.2648347609475 9.4461438245116
10.9260833480895 10.8487427056953 12.6186951104481 9.09529492890093
9.29394411491366 8.87726493073799 11.5409336999855 8.48714469142727
10.2600317820166 10.3151170808574 11.3628438207064 9.10642203252723
11.0815961721841 9.40862789394555 11.5468122845072 10.0684312743185
9.82165863010113 9.08281498978062 11.3752434432198 9.1847139875689
11.3950423836436 10.9811854926199 11.6593002953637 8.9843753643436
11.0906117752945 10.9424461940654 12.5818009009142 9.40360696756136
11.5141498429791 11.9476661454295 12.5539969126500 9.85563639986187
12.4052440480519 11.5268041814259 13.3363054652329 10.0585460868014
12.497402862565 11.1803191589103 12.5182684812241 10.5128212024966
12.3434372882924 11.2809015608354 12.5287138347361 10.6569064502148
11.9585018149656 11.1032787131231 12.8283142905128 9.79319261184404
10.4810214584599 10.0580138866086 11.3260005107393 9.16493868317927
11.8282480657662 10.5979202878760 13.4354052411655 10.9189374659968
12.4681424886057 10.9329691337692 14.4494314146763 10.6693419510936
11.3426979663390 9.58916477231964 12.9592501087901 9.60735221696388
11.7246122034049 10.8832877281377 13.7133898220292 10.0245442568169
13.5330655214629 12.5449258552655 13.6895319164413 10.5474805393397
11.7781623734452 11.1048953744742 12.8994582337703 10.7806088170457
11.9605621630621 11.3058007615610 13.0889122070606 10.2477768638827
11.8356365194707 11.3265821266761 14.0759578427557 10.3840925111874
12.0604057517559 10.1541310857337 13.4032352077354 11.6210184666710
11.6572798472852 9.26808770827318 12.4715026912510 10.4027162323484
12.1074369956928 11.0608594196108 12.9459589906590 10.4131355302750
10.9895790407859 10.2098877260579 12.2765424254850 9.36478180279217
11.5998177290495 10.3559606702507 13.0334821952563 10.0607172978929
